690000000001008317121012334870
690000000001008317121012335929
690000000001008317121012338335
690000000001008317121012339896
690000000001008317121012340143
690000000001008317121112341939
690000000001008317121112342889
690000000001008317121112343436
690000000001008317121112345178
690000000001008317121112345683
690000000001008317121112345864
690000000001008317121112346386
690000000001008317121012332420
690000000001008317121012333460
690000000001008317121012335293
690000000001008317121012335828
690000000001008317121012336614
690000000001008317121012336849
690000000001008317121012336964
690000000001008317121012338045
690000000001008317121012338963
690000000001008317121012339452
690000000001008317121012340123
690000000001008317121012340538
690000000001008317121012340968
690000000001008317121012341121
690000000001008317121112343677
690000000001008317121112344579
690000000001008317121112344627
690000000001008317120912307699
690000000001008317121012332387
690000000001008317121012332480
690000000001008317121012333292
690000000001008317121012334608
690000000001008317121012335486
690000000001008317121012336259
690000000001008317121012337185
690000000001008317121012337837
690000000001008317121012338011
690000000001008317121012338351
690000000001008317121012338714
690000000001008317121012338803
690000000001008317121012340135
690000000001008317121012340264
690000000001008317121012340559
690000000001008317121112341539
690000000001008317121112346275
690000000001008317121112346820
690000000001008317121012333313
690000000001008317121012333869
690000000001008317121012333972
690000000001008317121012337323
690000000001008317121012338270
690000000001008317121012340115
690000000001008317121012340263
690000000001008317121012340845
690000000001008317121012340970
690000000001008317121112341327
690000000001008317121112342160
690000000001008317121112343368
690000000001008317121112346138
690000000001008317121012332265
690000000001008317121012333258
690000000001008317121012336990
690000000001008317121012337815
690000000001008317121012338143
690000000001008317121012340324
690000000001008317121012340412
690000000001008317121012340431
690000000001008317121112345417
690000000001008317120712261896
690000000001008317121012335817
690000000001008317121012336151
690000000001008317121012339252
690000000001008317121012340296
690000000001008317121012340541
690000000001008317121112341843
690000000001008317121112342112
690000000001008317121112344576
690000000001008317121112344592
690000000001008317121112344990
690000000001008317121112345796
690000000001008317121112346190
690000000001008317121112351822
690000000001008317120612254707
690000000001008317121012333035
690000000001008317121012336264
690000000001008317121012337494
690000000001008317121012338159
690000000001008317121012338230
690000000001008317121012338333
690000000001008317121012338673
690000000001008317121012339868
690000000001008317121012340224
690000000001008317121012340472
690000000001008317121012340619
690000000001008317121112341145
690000000001008317121112341559
690000000001008317121112345033
690000000001008317121112345082
690000000001008317121112345745
690000000001008317121112346658
690000000001008317121112351919
690000000001008317121012332568
690000000001008317121012335326
690000000001008317121012336664
690000000001008317121012337714
690000000001008317121012337729
690000000001008317121012338504
690000000001008317121012339155
690000000001008317121012339453
690000000001008317121012339616
690000000001008317121112341893
690000000001008317121112344359
690000000001008317121112345656
690000000001008317121112345858
690000000001008317121112346211
690000000001008317121012332914
690000000001008317121012334401
690000000001008317121012336785
690000000001008317121012338784
690000000001008317121012339089
690000000001008317121012339261
690000000001008317121012339435
690000000001008317121012341108
690000000001008317121112341240
690000000001008317121112345326
690000000001008317121112346147
690000000001008317121112346622
690000000001008317121012333298
690000000001008317121012333349
690000000001008317121012336075
690000000001008317121012337684
690000000001008317121012337897
690000000001008317121012338110
690000000001008317121012338122
690000000001008317121012339863
690000000001008317121012340363
690000000001008317121012340459
690000000001008317121112341517
690000000001008317121012332533
690000000001008317121012334550
690000000001008317121012335619
690000000001008317121012336204
690000000001008317121012336797
690000000001008317121012337577
690000000001008317121012337643
690000000001008317121012337824
690000000001008317121012338994
690000000001008317121112344008
690000000001008317121112344150
690000000001008317121112344395
690000000001008317121112344510
690000000001008317121012325718
690000000001008317121012332735
690000000001008317121012335967
690000000001008317121012336008
690000000001008317121012337869
690000000001008317121012339392
690000000001008317121012339714
690000000001008317121012339950
690000000001008317121012340831
690000000001008317121112342717
690000000001008317121112345106
690000000001008317121012332163
690000000001008317121012332309
690000000001008317121012332383
690000000001008317121012333021
690000000001008317121012334076
690000000001008317121012335127
690000000001008317121012336706
690000000001008317121012337738
690000000001008317121012338013
690000000001008317121012338591
690000000001008317121012338744
690000000001008317121012339467
690000000001008317121012339716
690000000001008317121012340862
690000000001008317121112341313
690000000001008317121112341362
690000000001008317121112343139
690000000001008317121112345114
690000000001008317120612243639
690000000001008317120912310048
690000000001008317121012333333
690000000001008317121012335818
690000000001008317121012336916
690000000001008317121012337287
690000000001008317121012338290
690000000001008317121012339086
690000000001008317121012339626
690000000001008317121012340078
690000000001008317121112344807
690000000001008317120712269411
690000000001008317121012335774
690000000001008317121012336220
690000000001008317121012340107
690000000001008317121112344213
690000000001008317121112344702
690000000001008317121112345665
690000000001008317120712259329
690000000001008317121012325747
690000000001008317121012332610
690000000001008317121012334733
690000000001008317121012334742
690000000001008317121012338305
690000000001008317121112345489
690000000001008317121112345651
690000000001008317121112346160
